19353 90.0 0.0 0.0
19354 90.0 0.0 0.0
19355 90.0 0.0 0.0
19356 90.0 0.0 0.0
19357 90.0 0.0 0.0
19358 90.0 0.0 0.0
19359 90.0 0.0 0.0
19360 90.0 0.0 0.0
19361 90.0 0.0 0.0
19362 90.0 0.0 0.0
19363 90.0 0.0 0.0
19364 90.0 0.0 0.0
19365 90.0 0.0 0.0
19366 90.0 0.0 0.0
19367 90.0 0.0 0.0
19368 90.0 0.0 0.0
19369 90.0 0.0 0.0
19370 90.0 0.0 0.0
19371 90.0 0.0 0.0
19372 90.0 0.0 0.0
19373 90.0 0.0 0.0
19374 90.0 0.0 0.0
19375 90.0 0.0 0.0
19376 90.0 0.0 0.0
19377 90.0 0.0 0.0
19378 90.0 0.0 0.0
19379 90.0 0.0 0.0
19380 90.0 0.0 0.0
19381 90.0 0.0 0.0
19382 90.0 0.0 0.0
19383 90.0 0.0 0.0
19384 90.0 0.0 0.0
19385 90.0 0.0 0.0
19386 90.0 0.0 0.0
19387 90.0 0.0 0.0
19388 90.0 0.0 0.0
19389 90.0 0.0 0.0
19390 90.0 0.0 0.0
19391 90.0 0.0 0.0
19392 90.0 0.0 0.0
19393 90.0 0.0 0.0
19394 90.0 0.0 0.0
19395 90.0 0.0 0.0
19396 90.0 0.0 0.0
19397 90.0 0.0 0.0
19398 90.0 0.0 0.0
19399 90.0 0.0 0.0
19400 90.0 0.0 0.0
19401 90.0 0.0 0.0
19402 90.0 0.0 0.0
19403 90.0 0.0 0.0
19404 90.0 0.0 0.0
19405 90.0 0.0 0.0
19406 90.0 0.0 0.0
19407 90.0 0.0 0.0
19408 90.0 0.0 0.0
19409 90.0 0.0 0.0
19410 90.0 0.0 0.0
19411 90.0 0.0 0.0
19412 90.0 0.0 0.0
19413 90.0 0.0 0.0
19414 90.0 0.0 0.0
19415 90.0 0.0 0.0
19416 90.0 0.0 0.0
19417 90.0 0.0 0.0
19426 90.0 0.0 0.0
19427 90.0 0.0 0.0
19428 90.0 0.0 0.0
19429 90.0 0.0 0.0
19430 90.0 0.0 0.0
19431 90.0 0.0 0.0
19432 90.0 0.0 0.0
19433 90.0 0.0 0.0
19434 90.0 0.0 0.0
19435 90.0 0.0 0.0
19436 90.0 0.0 0.0
19437 90.0 0.0 0.0
19438 90.0 0.0 0.0
19439 90.0 0.0 0.0
19440 90.0 0.0 0.0
19441 90.0 0.0 0.0
19442 90.0 0.0 0.0
19443 90.0 0.0 0.0
19444 90.0 0.0 0.0
19445 90.0 0.0 0.0
19446 90.0 0.0 0.0
19447 90.0 0.0 0.0
19448 90.0 0.0 0.0
19449 90.0 0.0 0.0
19450 90.0 0.0 0.0
19451 90.0 0.0 0.0
19452 90.0 0.0 0.0
19453 90.0 0.0 0.0
19454 90.0 0.0 0.0
19455 90.0 0.0 0.0
19456 90.0 0.0 0.0
19457 90.0 0.0 0.0
19458 90.0 0.0 0.0
19459 90.0 0.0 0.0
19460 90.0 0.0 0.0
19461 90.0 0.0 0.0
19462 90.0 0.0 0.0
19463 90.0 0.0 0.0